input: 0, 3
expected: 2
answer: 2
time: 8.651986718177795e-06

input: 17, 4
expected: 14
answer: 14
time: 7.196969818323851e-06

input: 2000000000, 1000
expected: 4235264
answer: 7684864
time: 0.1301100790151395

input: 2000000000, 5000
expected: 4235264
answer: 4235264
time: 3.6121501860325225

